-5.80475861  
-2.796245474  
-3.584660402  
-4.2603487  
-7.961413653  
-5.850496179  
0.5089031026  
4.142100368  
2.267743414  
3.013203006  
1.796356252  
-0.5221110925  
0.7373403459  
2.100738756  
0.7742432671  
0.822522011  
3.646032407  
4.661480042  
2.623829112  
1.388576861  
0.7327766676  
1.227778113  
-2.449964686  
-2.343963491  
-1.273423672  
-0.947039265  
-1.315958175  
3.062059792  
1.575236822  
-1.215519075  
1.669405688  
8.327133679  
4.263061842  
2.478803328  
3.389340629  
1.072570383  
0.3680310186  
4.55941133  
2.116905416  
0.5822032319  
-3.520956671  
-2.236166446  
-2.612640462  
-2.698531129  
1.762764171  
-0.9891641151  
-0.5322220474  
-2.296113261  
-3.960013848  
-7.354352021  
-2.450546015  
0.00316059729  
1.640325574  
1.788427704  
2.280507424  
-0.3511666087  
-0.9321827694  
-2.103863147  
0.2365877094  
0.2671115367  
0.5593397868  
2.38172187  
2.095179868  
1.574070242  
-0.2720069269  
-1.337790423  
-1.910902204  
-1.128461789  
-0.6942767233  
1.693034604  
-1.185979346  
-2.95429832  
-0.9407912244  
3.877142138  
3.740330875  
2.391612548  
-1.425824354  
-1.519825767  
1.533815852  
2.073215986  
0.9514717448  
-1.791143514  
1.839397345  
1.078446504  
-0.5008994122  
0.8051961389  
-2.493445149  
-3.6146191  
-3.531564394  
-3.501909079  
-0.472789573  
2.476440619  
2.162227199  
1.979024302  
-0.7677980419  
4.53755569  
6.449846017  
1.774485559  
-4.094608354  
-9.788609149  
-9.707432042  
-5.895890047  
-5.131230103  
0.2289620843  
0.7228598042  
5.586614137  
4.080288727  
3.354446179  
0.2200016596  
-1.688037112  
-6.085437875  
-5.607728611  
-2.186468244  
-0.04832281088  
-0.5080601723  
3.186102834  
3.183912078  
0.9805419246  
-3.343302416  
-3.579218289  
-0.5255926479  
4.697905842  
3.580100069  
7.588480339  
4.527319906  
0.9671044948  
-0.3016129269  
0.1348305906  
