1376.696315  
1379.557236  
1378.588523  
1377.805642  
1373.968321  
1375.902825  
1382.101434  
1385.567713  
1383.545003  
1384.150158  
1382.780523  
1380.327012  
1381.424873  
1382.628851  
1381.14197  
1381.035535  
1383.707528  
1384.565826  
1382.372031  
1380.994605  
1380.172642  
1380.510338  
1376.671202  
1376.619565  
1377.538729  
1377.695841  
1377.178325  
1381.390518  
1379.744147  
1376.812764  
1379.514346  
1386.005916  
1381.781551  
1379.849686  
1380.587891  
1378.111497  
1377.249031  
1381.276783  
1378.67389  
1376.993601  
1372.730198  
1373.834899  
1373.304448  
1373.074097  
1377.323469  
1374.424965  
1374.735303  
1372.812619  
1370.980192  
1367.415699  
1372.154798  
1374.476354  
1375.925396  
1375.906142  
1376.227084  
1373.431016  
1372.688902  
1371.363539  
1373.530508  
1373.394214  
1373.587256  
1375.174035  
1374.737211  
1374.053285  
1372.04156  
1370.811745  
1370.068894  
1370.703428  
1370.968886  
1373.178569  
1370.142981  
1368.224101  
1370.020547  
1374.710599  
1374.414512  
1372.869142  
1368.921407  
1368.685119  
1371.561531  
1371.930474  
1370.66088  
1367.753885  
1371.259597  
1370.191778  
1368.559755  
1369.660214  
1366.247151  
1364.972961  
1364.889334  
1364.757662  
1367.620398  
1370.403088  
1369.944157  
1369.588843  
1366.685597  
1371.829646  
1373.602324  
1368.753853  
1362.758471  
1356.88355  
1356.831959  
1360.454194  
1361.079038  
1366.263235  
1366.6237  
1371.305689  
1369.649223  
1368.775314  
1365.482406  
1363.436164  
1358.871776  
1359.204098  
1362.470133  
1364.443611  
1363.849139  
1367.373908  
1367.21712  
1364.869369  
1360.399466  
1360.012648  
1362.914119  
1367.977346  
1366.716976  
1370.58025  
1367.366976  
1363.671794  
1362.248254  
1362.548286  
